1 0.6635135135135135 0.9279918864097363 0.6594594594594595 0.14401622718052737
1 0.7047297297297298 0.7991886409736308 0.5878378378378378 0.16227180527383367
1 0.6959459459459459 0.6744421906693712 0.5027027027027027 0.09127789046653144
1 0.672972972972973 0.5821501014198783 0.4405405405405406 0.1257606490872211
1 0.6783783783783784 0.5405679513184584 0.4027027027027027 0.058823529411764705
1 0.6810810810810811 0.49594320486815413 0.3756756756756757 0.058823529411764705
1 0.6702702702702703 0.473630831643002 0.3567567567567568 0.07099391480730223
1 0.6756756756756757 0.422920892494929 0.32432432432432434 0.06288032454361055
1 0.6770270270270271 0.39148073022312374 0.28378378378378377 0.0486815415821501
1 0.6628378378378379 0.3671399594320487 0.27432432432432435 0.05273833671399594
1 0.6581081081081082 0.33367139959432046 0.22702702702702704 0.05070993914807302
1 0.6587837837837838 0.29107505070993916 0.19054054054054054 0.04259634888438134
1 0.16891891891891891 0.9107505070993914 0.33513513513513515 0.17849898580121704
1 0.21891891891891893 0.7890466531440162 0.42702702702702705 0.24746450304259635
1 0.23378378378378378 0.6217038539553752 0.327027027027027 0.2251521298174442
1 0.2756756756756757 0.5598377281947262 0.33783783783783783 0.17849898580121704
1 0.32162162162162167 0.48884381338742394 0.2702702702702703 0.1744421906693712
1 0.34932432432432436 0.4634888438133874 0.25 0.12373225152129817
1 0.34864864864864864 0.44726166328600403 0.24594594594594596 0.11156186612576065
1 0.3689189189189189 0.41379310344827586 0.22972972972972974 0.10141987829614604
1 0.39729729729729735 0.3793103448275862 0.1891891891891892 0.10141987829614604
1 0.420945945945946 0.35192697768762676 0.17432432432432432 0.1075050709939148
1 0.45270270270270274 0.3174442190669371 0.14864864864864866 0.08316430020283976
1 0.4540540540540541 0.28803245436105473 0.15405405405405406 0.08113590263691683
1 0.4871621621621622 0.2647058823529412 0.12297297297297298 0.06288032454361055
1 0.03513513513513514 0.5608519269776876 0.06756756756756757 0.07099391480730223
1 0.07027027027027027 0.5040567951318459 0.13783783783783785 0.11967545638945233
1 0.08040540540540542 0.4411764705882353 0.1581081081081081 0.11967545638945233
1 0.09797297297297297 0.38336713995943206 0.19324324324324327 0.13793103448275862
1 0.1283783783783784 0.3539553752535497 0.20540540540540542 0.12373225152129817
1 0.17567567567567569 0.33671399594320484 0.2 0.09330628803245436
1 0.20067567567567568 0.3356997971602434 0.16621621621621624 0.0872210953346856
1 0.22837837837837838 0.3052738336713996 0.14594594594594595 0.09127789046653144
1 0.24391891891891893 0.28904665314401623 0.14189189189189189 0.09533468559837728
1 0.2594594594594595 0.2768762677484787 0.14594594594594595 0.09127789046653144
1 0.2702702702702703 0.2616632860040568 0.12432432432432433 0.08519269776876268
1 0.29864864864864865 0.2525354969574036 0.13243243243243244 0.08316430020283976
1 0.32229729729729734 0.2606490872210953 0.12297297297297298 0.07505070993914807
