1 0.12251655629139073 0.7574850299401198 0.23841059602649006 0.4850299401197605
1 0.2764900662251656 0.6826347305389222 0.1490066225165563 0.19161676646706588
1 0.5993377483443708 0.874251497005988 0.5364238410596026 0.251497005988024
1 0.8708609271523179 0.5748502994011977 0.09933774834437085 0.09580838323353294
1 0.8923841059602649 0.6946107784431138 0.2152317880794702 0.23952095808383234
1 0.7632450331125827 0.6437125748502994 0.03642384105960265 0.10179640718562875
1 0.6556291390728477 0.5778443113772456 0.12582781456953643 0.16167664670658682
1 0.6804635761589404 0.6946107784431138 0.10927152317880795 0.1317365269461078
1 0.3675496688741722 0.6137724550898204 0.059602649006622516 0.10179640718562875
1 0.478476821192053 0.6676646706586826 0.17549668874172186 0.2095808383233533
1 0.026490066225165563 0.6826347305389222 0.046357615894039736 0.2754491017964072
