1 0.123 0.6794117647058824 0.19 0.12352941176470589
1 0.185 0.6088235294117647 0.138 0.08823529411764705
1 0.23 0.538235294117647 0.116 0.08235294117647059
1 0.33 0.5205882352941177 0.08 0.06470588235294117
1 0.309 0.5779411764705882 0.126 0.06764705882352941
1 0.41200000000000003 0.5602941176470588 0.096 0.061764705882352944
1 0.392 0.6205882352941177 0.188 0.08235294117647059
1 0.422 0.7073529411764706 0.148 0.13823529411764707
1 0.5640000000000001 0.711764705882353 0.14400000000000002 0.17058823529411765
1 0.591 0.5411764705882353 0.122 0.052941176470588235
1 0.552 0.5794117647058823 0.068 0.06470588235294117
1 0.643 0.6 0.158 0.08235294117647059
1 0.762 0.7294117647058823 0.232 0.10588235294117647
1 0.807 0.6102941176470588 0.158 0.061764705882352944
1 0.895 0.6014705882352941 0.098 0.06764705882352941
1 0.88 0.6573529411764706 0.132 0.061764705882352944
1 0.963 0.7102941176470589 0.074 0.1323529411764706
