1 0.7916666666666666 0.43503480278422274 0.3641975308641975 0.3039443155452436
1 0.8634259259259259 0.6310904872389791 0.27314814814814814 0.36658932714617165
1 0.6859567901234568 0.8561484918793503 0.40586419753086417 0.28306264501160094
1 0.4691358024691358 0.7621809744779582 0.595679012345679 0.45707656612529
1 0.3765432098765432 0.6635730858468677 0.3796296296296296 0.30162412993039445
1 0.2962962962962963 0.5765661252900232 0.27469135802469136 0.22505800464037123
1 0.5131172839506173 0.46751740139211134 0.2546296296296296 0.22969837587006958
1 0.6697530864197531 0.42459396751740136 0.25 0.23665893271461716
1 0.6087962962962963 0.3306264501160093 0.2669753086419753 0.15545243619489557
1 0.5300925925925926 0.30742459396751737 0.21141975308641975 0.12761020881670532
1 0.37037037037037035 0.45011600928074247 0.16975308641975306 0.15777262180974477
1 0.3395061728395061 0.37935034802784223 0.09876543209876543 0.08120649651972157
1 0.4737654320987654 0.265661252900232 0.18518518518518517 0.16009280742459397
1 0.8094135802469136 0.2262180974477958 0.13425925925925924 0.1136890951276102
