1 0.730909090909091 0.8594164456233422 0.5381818181818182 0.28116710875331563
1 0.2390909090909091 0.9005305039787798 0.47454545454545455 0.1989389920424403
1 0.7045454545454546 0.9641909814323607 0.4781818181818182 0.0716180371352785
1 0.3572727272727273 0.7108753315649867 0.3509090909090909 0.21750663129973474
1 0.3563636363636364 0.6114058355437666 0.32727272727272727 0.129973474801061
1 0.1509090909090909 0.5875331564986737 0.29818181818181816 0.16710875331564987
1 0.11272727272727273 0.5570291777188329 0.22181818181818183 0.13793103448275862
1 0.10909090909090909 0.4668435013262599 0.1781818181818182 0.05835543766578249
1 0.26454545454545453 0.43368700265251986 0.1 0.0716180371352785
1 0.25181818181818183 0.3859416445623342 0.08545454545454545 0.05039787798408488
1 0.32181818181818184 0.5013262599469496 0.19636363636363635 0.09549071618037135
1 0.7990909090909091 0.7427055702917772 0.39090909090909093 0.259946949602122
1 0.5218181818181818 0.5278514588859416 0.3418181818181818 0.1909814323607427
1 0.9463636363636364 0.5636604774535808 0.10363636363636364 0.11936339522546419
1 0.8218181818181818 0.4641909814323607 0.22545454545454546 0.0636604774535809
1 0.9054545454545454 0.4986737400530504 0.14545454545454545 0.0636604774535809
1 0.35454545454545455 0.3819628647214854 0.07272727272727272 0.0636604774535809
1 0.3972727272727273 0.4403183023872679 0.06727272727272728 0.06896551724137931
1 0.4618181818181818 0.43633952254641906 0.06909090909090909 0.06100795755968169
1 0.5618181818181818 0.4641909814323607 0.08727272727272728 0.0636604774535809
1 0.4718181818181818 0.36870026525198935 0.06363636363636363 0.03183023872679045
1 0.5127272727272727 0.4177718832891246 0.06545454545454546 0.05039787798408488
1 0.6254545454545455 0.3673740053050398 0.04727272727272727 0.05039787798408488
1 0.6372727272727273 0.4177718832891246 0.05272727272727273 0.05039787798408488
1 0.7254545454545455 0.396551724137931 0.06545454545454546 0.0663129973474801
1 0.7345454545454545 0.623342175066313 0.37454545454545457 0.21220159151193632
1 0.41545454545454547 0.3713527851458886 0.04181818181818182 0.04774535809018567
