1 0.3514376996805112 0.5528846153846154 0.10223642172523961 0.07692307692307693
1 0.41373801916932906 0.44230769230769235 0.0670926517571885 0.06730769230769232
1 0.4696485623003195 0.46153846153846156 0.05750798722044728 0.04807692307692308
1 0.5 0.5673076923076923 0.08626198083067092 0.04807692307692308
1 0.5303514376996805 0.4879807692307693 0.08306709265175719 0.07211538461538462
1 0.6325878594249201 0.3605769230769231 0.06389776357827476 0.04807692307692308
1 0.6230031948881789 0.3245192307692308 0.051118210862619806 0.04326923076923077
1 0.8434504792332268 0.6346153846153847 0.11501597444089456 0.10576923076923078
1 0.5511182108626198 0.6586538461538461 0.0926517571884984 0.125
1 0.4888178913738019 0.3870192307692308 0.04472843450479233 0.0625
1 0.7076677316293929 0.43509615384615385 0.0670926517571885 0.09134615384615385
