1 0.288135593220339 0.6334841628959277 0.27796610169491526 0.416289592760181
1 0.3593220338983051 0.5203619909502263 0.22372881355932203 0.38914027149321273
1 0.5067796610169492 0.5067873303167422 0.10508474576271186 0.40723981900452494
1 0.6610169491525424 0.5203619909502263 0.2711864406779661 0.3800904977375566
1 0.8389830508474576 0.5226244343891403 0.26101694915254237 0.37556561085972856
1 0.911864406779661 0.45022624434389147 0.17627118644067796 0.31221719457013575
1 0.6135593220338983 0.8506787330316743 0.3593220338983051 0.29864253393665163
1 0.811864406779661 0.834841628959276 0.2745762711864407 0.330316742081448
1 0.14745762711864407 0.38687782805429866 0.11186440677966102 0.21266968325791857
1 0.06610169491525424 0.8665158371040724 0.12542372881355932 0.18552036199095023
