1 0.028 0.2359249329758713 0.04 0.1554959785522788
1 0.075 0.21715817694369974 0.03 0.09115281501340483
1 0.10200000000000001 0.2319034852546917 0.04 0.07238605898123325
1 0.126 0.36595174262734587 0.076 0.12064343163538874
1 0.158 0.2520107238605898 0.044 0.096514745308311
1 0.222 0.28418230563002683 0.07200000000000001 0.1447721179624665
1 0.265 0.4061662198391421 0.062 0.06166219839142091
1 0.224 0.4222520107238606 0.036000000000000004 0.040214477211796246
1 0.261 0.5241286863270778 0.114 0.15281501340482573
1 0.383 0.5308310991957105 0.134 0.16621983914209115
1 0.546 0.4785522788203753 0.156 0.23324396782841825
1 0.7020000000000001 0.7680965147453084 0.216 0.34584450402144773
1 0.746 0.6367292225201072 0.088 0.10991957104557641
