1 0.38 0.7948717948717949 0.24571428571428572 0.2136752136752137
1 0.56 0.5918803418803419 0.22285714285714286 0.14102564102564105
1 0.82 0.7927350427350428 0.3028571428571429 0.16666666666666669
1 0.8542857142857143 0.7115384615384616 0.26857142857142857 0.1495726495726496
1 0.84 0.6303418803418804 0.26285714285714284 0.14102564102564105
1 0.8771428571428571 0.5790598290598291 0.22285714285714286 0.11538461538461539
1 0.8371428571428572 0.5170940170940171 0.2057142857142857 0.10256410256410257
1 0.81 0.4444444444444445 0.19142857142857142 0.07692307692307693
1 0.5785714285714286 0.5213675213675214 0.20285714285714285 0.07692307692307693
1 0.5885714285714285 0.47008547008547014 0.17142857142857143 0.06837606837606838
1 0.6142857142857143 0.43162393162393164 0.1657142857142857 0.08547008547008547
1 0.6128571428571429 0.38461538461538464 0.13428571428571429 0.10256410256410257
1 0.39714285714285713 0.5213675213675214 0.17142857142857143 0.10256410256410257
1 0.47285714285714286 0.4017094017094017 0.1457142857142857 0.07692307692307693
1 0.41714285714285715 0.3418803418803419 0.15428571428571428 0.09401709401709403
1 0.21285714285714286 0.28418803418803423 0.11714285714285715 0.10683760683760685
