1 0.3388888888888889 0.5228070175438596 0.14074074074074075 0.16140350877192983
1 0.4462962962962963 0.48947368421052634 0.11481481481481481 0.14385964912280702
1 0.5212962962962964 0.4578947368421053 0.08333333333333334 0.14385964912280702
1 0.5907407407407408 0.46842105263157896 0.07777777777777778 0.12280701754385966
1 0.662962962962963 0.4578947368421053 0.10740740740740741 0.08771929824561403
1 0.6759259259259259 0.4035087719298246 0.1 0.07719298245614035
1 0.6129629629629629 0.3298245614035088 0.04814814814814815 0.06315789473684211
1 0.5703703703703704 0.34385964912280703 0.040740740740740744 0.07017543859649122
1 0.47685185185185186 0.3508771929824561 0.05 0.07017543859649122
1 0.12222222222222223 0.4 0.07407407407407407 0.12631578947368421
1 0.1953703703703704 0.37719298245614036 0.05740740740740741 0.08771929824561403
1 0.2777777777777778 0.3649122807017544 0.044444444444444446 0.07719298245614035
1 0.3416666666666667 0.3666666666666667 0.04259259259259259 0.08070175438596491
1 0.026851851851851852 0.24385964912280703 0.03518518518518519 0.08771929824561403
1 0.044444444444444446 0.32456140350877194 0.08518518518518518 0.05964912280701754
1 0.0712962962962963 0.22631578947368422 0.02777777777777778 0.052631578947368425
1 0.12592592592592594 0.24385964912280703 0.06666666666666667 0.052631578947368425
1 0.21203703703703705 0.24385964912280703 0.024074074074074074 0.03859649122807018
1 0.27314814814814814 0.2614035087719298 0.06851851851851852 0.052631578947368425
1 0.763888888888889 0.3824561403508772 0.07592592592592592 0.056140350877192984
1 0.39814814814814814 0.3649122807017544 0.05925925925925926 0.056140350877192984
1 0.15925925925925927 0.2789473684210526 0.03333333333333333 0.052631578947368425
1 0.09166666666666667 0.2824561403508772 0.07592592592592592 0.052631578947368425
1 0.32685185185185184 0.30701754385964913 0.05740740740740741 0.0736842105263158
1 0.3712962962962963 0.2894736842105263 0.04259259259259259 0.0456140350877193
1 0.3944444444444445 0.2719298245614035 0.022222222222222223 0.0456140350877193
1 0.425 0.28421052631578947 0.02777777777777778 0.042105263157894736
1 0.44907407407407407 0.2982456140350877 0.031481481481481485 0.07017543859649122
1 0.5268518518518519 0.35789473684210527 0.0462962962962963 0.09824561403508772
1 0.5222222222222223 0.30350877192982456 0.04814814814814815 0.052631578947368425
1 0.7898148148148149 0.34035087719298246 0.07222222222222223 0.03508771929824561
