1 0.5233333333333333 0.7774480712166172 0.21666666666666667 0.11869436201780416
1 0.6508333333333334 0.7581602373887241 0.09166666666666667 0.1513353115727003
1 0.7758333333333334 0.7403560830860534 0.1716666666666667 0.08011869436201781
1 0.7075 0.6750741839762612 0.10166666666666667 0.10385756676557864
1 0.7833333333333334 0.6765578635014837 0.08666666666666667 0.0771513353115727
1 0.8366666666666667 0.6261127596439169 0.10333333333333335 0.09495548961424333
1 0.3616666666666667 0.712166172106825 0.11 0.09495548961424333
1 0.25083333333333335 0.8160237388724035 0.12833333333333335 0.16617210682492584
1 0.1375 0.7388724035608308 0.16833333333333333 0.11275964391691395
1 0.10166666666666667 0.6409495548961425 0.11333333333333334 0.12462908011869436
1 0.24333333333333335 0.615727002967359 0.14 0.06231454005934718
1 0.26916666666666667 0.6780415430267063 0.11833333333333335 0.06824925816023739
1 0.3875 0.6246290801186943 0.12166666666666667 0.06231454005934718
1 0.4741666666666667 0.6602373887240356 0.135 0.09792284866468844
1 0.5791666666666667 0.685459940652819 0.11166666666666668 0.09495548961424333
1 0.6050000000000001 0.5964391691394659 0.11 0.10682492581602374
