1 0.5142517814726841 0.9258333333333334 0.9714964370546318 0.13833333333333334
1 0.5546318289786224 0.7633333333333334 0.8859857482185274 0.17
1 0.5486935866983373 0.6341666666666667 0.9026128266033254 0.12166666666666667
1 0.0653206650831354 0.5916666666666667 0.12589073634204276 0.09666666666666668
1 0.1330166270783848 0.5216666666666667 0.2612826603325416 0.13333333333333333
1 0.22446555819477435 0.44333333333333336 0.4441805225653207 0.16666666666666669
1 0.3123515439429929 0.40166666666666667 0.33966745843230406 0.12666666666666668
1 0.44061757719714967 0.385 0.3016627078384798 0.11333333333333334
1 0.44061757719714967 0.34500000000000003 0.27315914489311166 0.06333333333333334
1 0.492874109263658 0.29833333333333334 0.2779097387173397 0.04666666666666667
