1 0.48 0.8918918918918919 0.14 0.07207207207207207
1 0.612 0.9504504504504504 0.14 0.06906906906906907
1 0.088 0.8618618618618619 0.17200000000000001 0.10810810810810811
1 0.7010000000000001 0.7552552552552553 0.134 0.057057057057057055
1 0.933 0.8153153153153153 0.11800000000000001 0.06306306306306306
1 0.081 0.6081081081081081 0.154 0.057057057057057055
1 0.41600000000000004 0.7492492492492493 0.168 0.06906906906906907
1 0.364 0.5570570570570571 0.092 0.05105105105105105
1 0.437 0.5990990990990991 0.098 0.06306306306306306
1 0.25 0.6381381381381381 0.108 0.05105105105105105
1 0.5760000000000001 0.5570570570570571 0.112 0.04504504504504504
1 0.78 0.5945945945945946 0.112 0.06006006006006006
1 0.808 0.5180180180180181 0.14 0.03903903903903904
1 0.465 0.4444444444444444 0.078 0.04804804804804805
1 0.316 0.3588588588588589 0.068 0.03303303303303303
1 0.318 0.6906906906906907 0.124 0.04804804804804805
