1 0.9022435897435898 0.4326923076923077 0.07371794871794872 0.4903846153846154
1 0.8381410256410257 0.3557692307692308 0.09294871794871795 0.4807692307692308
1 0.7868589743589743 0.19711538461538464 0.035256410256410256 0.125
1 0.7532051282051282 0.3774038461538462 0.15384615384615385 0.32211538461538464
1 0.6907051282051282 0.3581730769230769 0.08012820512820512 0.2644230769230769
1 0.6298076923076923 0.34855769230769235 0.060897435897435896 0.3317307692307693
1 0.5657051282051282 0.34855769230769235 0.125 0.3317307692307693
1 0.5112179487179487 0.4951923076923077 0.18269230769230768 0.5192307692307693
1 0.483974358974359 0.22596153846153846 0.038461538461538464 0.09615384615384616
1 0.5080128205128205 0.17067307692307693 0.041666666666666664 0.05288461538461539
1 0.42628205128205127 0.31730769230769235 0.0641025641025641 0.2403846153846154
1 0.34775641025641024 0.2764423076923077 0.07371794871794872 0.2355769230769231
1 0.22435897435897434 0.5168269230769231 0.11538461538461538 0.7163461538461539
1 0.35096153846153844 0.4951923076923077 0.125 0.17307692307692307
1 0.2419871794871795 0.6538461538461539 0.3301282051282051 0.14423076923076925
