1 0.899090909090909 0.592896174863388 0.2018181818181818 0.11475409836065574
1 0.8909090909090909 0.6557377049180327 0.21818181818181817 0.14207650273224043
1 0.8345454545454546 0.703551912568306 0.27636363636363637 0.21584699453551912
1 0.68 0.7540983606557377 0.2727272727272727 0.22950819672131148
1 0.56 0.8210382513661202 0.3709090909090909 0.31420765027322406
1 0.4072727272727273 0.8633879781420765 0.3563636363636364 0.273224043715847
1 0.17727272727272728 0.8838797814207651 0.34363636363636363 0.23224043715846995
1 0.07545454545454545 0.7185792349726776 0.14727272727272728 0.19672131147540983
1 0.18454545454545454 0.6994535519125683 0.14 0.1912568306010929
1 0.2672727272727273 0.6912568306010929 0.14181818181818182 0.21311475409836064
1 0.36454545454545456 0.6379781420765027 0.18 0.16666666666666666
1 0.44636363636363635 0.5942622950819673 0.17272727272727273 0.13387978142076504
1 0.54 0.5792349726775956 0.15272727272727274 0.10382513661202186
1 0.5963636363636363 0.546448087431694 0.12 0.07103825136612021
1 0.6409090909090909 0.5341530054644809 0.19454545454545455 0.11202185792349727
1 0.7209090909090909 0.5191256830601093 0.14 0.1092896174863388
1 0.7609090909090909 0.5068306010928961 0.13636363636363635 0.09562841530054644
1 0.7981818181818182 0.4959016393442623 0.12727272727272726 0.09562841530054644
1 0.08636363636363636 0.5573770491803278 0.15818181818181817 0.12021857923497267
1 0.18545454545454546 0.5450819672131147 0.16 0.10109289617486339
1 0.26454545454545453 0.5163934426229508 0.14 0.10382513661202186
1 0.33454545454545453 0.5081967213114754 0.12363636363636364 0.08196721311475409
1 0.3836363636363636 0.49043715846994534 0.14545454545454545 0.09016393442622951
1 0.41454545454545455 0.45901639344262296 0.07636363636363637 0.07103825136612021
1 0.5581818181818182 0.45901639344262296 0.06181818181818182 0.03825136612021858
1 0.5636363636363636 0.4371584699453552 0.08 0.0546448087431694
1 0.5772727272727273 0.4180327868852459 0.09272727272727273 0.07103825136612021
1 0.610909090909091 0.41530054644808745 0.06545454545454546 0.060109289617486336
1 0.6254545454545455 0.4098360655737705 0.06545454545454546 0.0273224043715847
1 0.6636363636363637 0.40710382513661203 0.01818181818181818 0.02185792349726776
