1 0.07538461538461538 0.5198598130841121 0.14769230769230768 0.11915887850467288
1 0.07923076923076923 0.6366822429906541 0.15538461538461537 0.13317757009345793
1 0.17692307692307693 0.639018691588785 0.29538461538461536 0.32943925233644855
1 0.51 0.5514018691588785 0.32461538461538464 0.37383177570093457
1 0.5138461538461538 0.514018691588785 0.08615384615384615 0.102803738317757
1 0.26 0.43457943925233644 0.033846153846153845 0.04672897196261682
1 0.2746153846153846 0.47780373831775697 0.026153846153846153 0.04439252336448598
1 0.7623076923076924 0.4427570093457944 0.06307692307692307 0.07242990654205607
1 0.8776923076923077 0.4731308411214953 0.18923076923076923 0.1144859813084112
1 0.833076923076923 0.3644859813084112 0.06307692307692307 0.06074766355140186
1 0.9023076923076923 0.38317757009345793 0.1 0.06074766355140186
1 0.9176923076923077 0.3200934579439252 0.06615384615384616 0.04205607476635514
1 0.8515384615384616 0.6717289719626168 0.29384615384615387 0.32943925233644855
1 0.9176923076923077 0.7815420560747663 0.1646153846153846 0.25934579439252337
