1 0.2137546468401487 0.8519553072625698 0.42007434944237915 0.29608938547486036
1 0.5390334572490706 0.782122905027933 0.42379182156133827 0.2569832402234637
1 0.9052044609665427 0.7430167597765364 0.1895910780669145 0.4357541899441341
1 0.4553903345724907 0.6424581005586593 0.4795539033457249 0.111731843575419
1 0.49256505576208176 0.5642458100558659 0.43494423791821557 0.0782122905027933
1 0.4907063197026022 0.5558659217877095 0.4163568773234201 0.11731843575418995
1 0.4553903345724907 0.46368715083798884 0.3011152416356877 0.0446927374301676
1 0.4591078066914498 0.41899441340782123 0.2788104089219331 0.0446927374301676
1 0.4312267657992565 0.37988826815642457 0.22304832713754646 0.0446927374301676
1 0.4163568773234201 0.335195530726257 0.18587360594795538 0.0558659217877095
1 0.4052044609665427 0.30446927374301674 0.18587360594795538 0.02793296089385475
1 0.39962825278810404 0.2905027932960894 0.15985130111524162 0.0335195530726257
1 0.38847583643122674 0.26256983240223464 0.1524163568773234 0.0446927374301676
