1 0.2565543071161049 0.8150000000000001 0.15355805243445694 0.15666666666666668
1 0.35580524344569286 0.7316666666666667 0.10486891385767791 0.09000000000000001
1 0.5252808988764045 0.7766666666666667 0.2153558052434457 0.11333333333333334
1 0.24250936329588016 0.6266666666666667 0.15543071161048688 0.07333333333333333
1 0.24438202247191013 0.6833333333333333 0.1704119850187266 0.06666666666666667
1 0.39325842696629215 0.6366666666666667 0.12359550561797752 0.07333333333333333
1 0.649812734082397 0.7583333333333334 0.09363295880149813 0.11666666666666667
1 0.7612359550561798 0.7366666666666667 0.17415730337078653 0.08666666666666667
1 0.5767790262172284 0.61 0.149812734082397 0.09333333333333334
1 0.7088014981273408 0.6633333333333333 0.09925093632958802 0.06666666666666667
1 0.13764044943820225 0.75 0.17790262172284643 0.09333333333333334
1 0.4803370786516854 0.665 0.15543071161048688 0.07
