1 0.124 0.8101851851851851 0.244 0.23148148148148145
1 0.391 0.845679012345679 0.458 0.16666666666666666
1 0.745 0.861111111111111 0.242 0.25925925925925924
1 0.378 0.7268518518518519 0.42 0.08950617283950617
1 0.426 0.6496913580246914 0.46 0.08333333333333333
1 0.456 0.5864197530864197 0.364 0.07407407407407407
1 0.459 0.5324074074074073 0.294 0.06481481481481481
1 0.47300000000000003 0.4922839506172839 0.294 0.06481481481481481
1 0.494 0.4444444444444444 0.24 0.030864197530864196
1 0.503 0.4243827160493827 0.226 0.021604938271604937
1 0.512 0.40277777777777773 0.2 0.021604938271604937
