1 0.2222222222222222 0.3913043478260869 0.16507936507936508 0.12560386473429952
1 0.1984126984126984 0.5579710144927535 0.19365079365079366 0.1111111111111111
1 0.24285714285714285 0.6304347826086957 0.18095238095238095 0.16908212560386474
1 0.4777777777777778 0.8091787439613526 0.20634920634920634 0.16908212560386474
1 0.5428571428571428 0.6159420289855072 0.17142857142857143 0.13043478260869565
1 0.36984126984126986 0.36714975845410625 0.09206349206349207 0.20289855072463767
1 0.6634920634920635 0.3357487922705314 0.044444444444444446 0.15942028985507245
1 0.7301587301587301 0.3961352657004831 0.10158730158730159 0.14492753623188406
1 0.8476190476190476 0.27294685990338163 0.13333333333333333 0.10144927536231883
1 0.7587301587301587 0.214975845410628 0.0761904761904762 0.13043478260869565
1 0.7 0.12318840579710144 0.06666666666666667 0.1111111111111111
1 0.626984126984127 0.13285024154589373 0.05396825396825397 0.10144927536231883
1 0.5428571428571428 0.32850241545893716 0.06984126984126984 0.13526570048309178
