1 0.7742187500000001 0.740625 0.1921875 0.33958333333333335
1 0.70625 0.5364583333333334 0.146875 0.17708333333333334
1 0.48125 0.5458333333333333 0.19062500000000002 0.19583333333333333
1 0.5796875 0.40729166666666666 0.096875 0.10625
1 0.45390625 0.4239583333333333 0.16718750000000002 0.052083333333333336
1 0.4140625 0.3989583333333333 0.17500000000000002 0.06458333333333333
1 0.39375000000000004 0.3614583333333333 0.07187500000000001 0.06041666666666667
1 0.3171875 0.3677083333333333 0.084375 0.052083333333333336
1 0.23203125000000002 0.5354166666666667 0.3171875 0.15833333333333333
1 0.2078125 0.44479166666666664 0.23125 0.07291666666666667
