1 0.3288888888888889 0.8492063492063492 0.64 0.30158730158730157
1 0.5488888888888889 0.6523809523809524 0.19111111111111112 0.30793650793650795
1 0.8522222222222222 0.6238095238095238 0.23777777777777778 0.28253968253968254
1 0.7777777777777778 0.42857142857142855 0.2088888888888889 0.14603174603174604
1 0.8133333333333334 0.3333333333333333 0.2088888888888889 0.06349206349206349
1 0.7455555555555555 0.2920634920634921 0.14444444444444443 0.0380952380952381
1 0.7777777777777778 0.2571428571428571 0.08 0.050793650793650794
1 0.6877777777777778 0.25873015873015875 0.1 0.06031746031746032
1 0.6166666666666667 0.2619047619047619 0.06444444444444444 0.05396825396825397
1 0.5255555555555556 0.3619047619047619 0.20666666666666667 0.05714285714285714
1 0.48777777777777775 0.31746031746031744 0.15777777777777777 0.050793650793650794
