1 0.9471153846153847 0.8369565217391305 0.10096153846153846 0.32608695652173914
1 0.8137019230769231 0.8188405797101449 0.15625 0.32608695652173914
1 0.6141826923076923 0.8242753623188406 0.23798076923076925 0.31521739130434784
1 0.5024038461538461 0.769927536231884 0.19711538461538464 0.286231884057971
1 0.3233173076923077 0.7590579710144928 0.23317307692307693 0.2644927536231884
1 0.2355769230769231 0.7427536231884058 0.25480769230769235 0.21739130434782608
1 0.11658653846153846 0.7409420289855072 0.22836538461538464 0.2210144927536232
1 0.359375 0.5416666666666666 0.11298076923076923 0.13405797101449277
1 0.421875 0.5597826086956522 0.13221153846153846 0.12681159420289856
1 0.5516826923076923 0.5634057971014493 0.1466346153846154 0.15579710144927536
1 0.6586538461538461 0.5851449275362319 0.09134615384615385 0.13405797101449277
1 0.09014423076923077 0.588768115942029 0.17548076923076925 0.07608695652173914
