1 0.17783783783783785 0.3711507293354943 0.1308108108108108 0.07455429497568881
1 0.10324324324324324 0.4173419773095624 0.11135135135135135 0.0826580226904376
1 0.04216216216216216 0.6685575364667747 0.08216216216216217 0.179902755267423
1 0.14594594594594595 0.9319286871961102 0.2897297297297297 0.13614262560777957
1 0.43567567567567567 0.839546191247974 0.43027027027027026 0.32090761750405183
1 0.5005405405405405 0.7090761750405186 0.4 0.35170178282009723
1 0.5772972972972973 0.6110210696920583 0.3762162162162162 0.2593192868719611
1 0.21135135135135136 0.5786061588330632 0.07675675675675676 0.06158833063209076
1 0.64 0.4983792544570502 0.28324324324324324 0.19935170178282008
1 0.9345945945945946 0.44165316045380876 0.08324324324324324 0.08589951377633712
1 0.6016216216216216 0.3703403565640194 0.04216216216216216 0.04051863857374392
1 0.0891891891891892 0.5316045380875203 0.08108108108108109 0.08427876823338736
